80
1
0.042167
0.401039
0.595708
0.919679
0.293776
0.545039
0.781682
0.327400
0.095263
0.441683
0.029077
0.675390
0.111590
0.199640
0.530162
0.627357
0.373597
0.606454
0.846389
0.701946
0.392874
0.571869
0.249774
0.727347
0.343329
0.078635
0.302231
0.300402
0.023221
0.176114
0.860919
0.655948
0.856538
0.270940
0.895948
0.208790
0.964168
0.414360
0.229565
0.818370
0.360443
0.501524
0.747674
0.831850
0.394471
0.096636
0.265392
0.791945
0.936861
0.568259
0.938022
0.597248
0.987952
0.762349
0.185616
0.516770
0.640152
0.868951
0.600118
0.999669
0.129176
0.293371
0.476879
0.129582
0.228123
0.181072
0.672016
0.325785
0.790588
0.546014
0.230557
0.686762
0.049083
0.572599
0.993762
0.362969
0.558721
0.927280
0.259876
0.832475
